Starting Dynare (version 4.5.6).
Starting preprocessing of the model file ...
Found 8 equation(s).
Evaluating expressions...done
Computing static model derivatives:
 - order 1
Computing dynamic model derivatives:
 - order 1
Processing outputs ...
done
Preprocessing completed.

STEADY-STATE RESULTS:

Ct 		 0.178172
Yt 		 0.513494
Kt 		 2.94673
Nt 		 -1.10866
It 		 -0.742151
Wt 		 1.11133
Rt 		 -3.34953
At 		 0

EIGENVALUES:
         Modulus             Real        Imaginary

          0.9595           0.9595                0
            0.97             0.97                0
           1.053            1.053                0
       7.944e+15       -7.944e+15                0


There are 2 eigenvalue(s) larger than 1 in modulus 
for 2 forward-looking variable(s)

The rank condition is verified.


MODEL SUMMARY

  Number of variables:         8
  Number of stochastic shocks: 1
  Number of state variables:   2
  Number of jumpers:           2
  Number of static variables:  4


MATRIX OF COVARIANCE OF EXOGENOUS SHOCKS
Variables        e_at
e_at         0.000052

POLICY AND TRANSITION FUNCTIONS
                                  Ct              Yt              Kt              Nt              It              Wt              Rt              At
Constant                    0.178172        0.513494        2.946728       -1.108663       -0.742151        1.111331       -3.349525               0
Kt(-1)                      0.609639        0.259072        0.959478       -0.234880       -0.620887        0.493952       -0.740928               0
At(-1)                      0.422289        1.338194        0.090930        0.613657        3.637209        0.724537        1.338194        0.970000
e_at                        0.435349        1.379581        0.093742        0.632636        3.749700        0.746946        1.379581        1.000000


THEORETICAL MOMENTS (HP filter, lambda = 1600)
VARIABLE         MEAN  STD. DEV.   VARIANCE
Ct             0.1782     0.0045     0.0000
Yt             0.5135     0.0130     0.0002
Kt             2.9467     0.0032     0.0000
Nt            -1.1087     0.0060     0.0000
It            -0.7422     0.0352     0.0012
Wt             1.1113     0.0072     0.0001
Rt            -3.3495     0.0131     0.0002
At             0.0000     0.0094     0.0001

CONDITIONAL VARIANCE DECOMPOSITION (in percent)
Period 1:
        e_at
Ct    100.00
Yt    100.00
Kt    100.00
Nt    100.00
It    100.00
Wt    100.00
Rt    100.00
At    100.00
Period 4:
        e_at
Ct    100.00
Yt    100.00
Kt    100.00
Nt    100.00
It    100.00
Wt    100.00
Rt    100.00
At    100.00
Period 8:
        e_at
Ct    100.00
Yt    100.00
Kt    100.00
Nt    100.00
It    100.00
Wt    100.00
Rt    100.00
At    100.00
Period 12:
        e_at
Ct    100.00
Yt    100.00
Kt    100.00
Nt    100.00
It    100.00
Wt    100.00
Rt    100.00
At    100.00
Period 40:
        e_at
Ct    100.00
Yt    100.00
Kt    100.00
Nt    100.00
It    100.00
Wt    100.00
Rt    100.00
At    100.00



MATRIX OF CORRELATIONS (HP filter, lambda = 1600)
Variables        Ct      Yt      Kt      Nt      It      Wt      Rt      At
Ct           1.0000  0.9295  0.6645  0.8441  0.8790  0.9756  0.8134  0.9043
Yt           0.9295  1.0000  0.3420  0.9823  0.9929  0.9878  0.9706  0.9980
Kt           0.6645  0.3420  1.0000  0.1601  0.2278  0.4841  0.1058  0.2818
Nt           0.8441  0.9823  0.1601  1.0000  0.9976  0.9412  0.9985  0.9922
It           0.8790  0.9929  0.2278  0.9976  1.0000  0.9623  0.9924  0.9984
Wt           0.9756  0.9878  0.4841  0.9412  0.9623  1.0000  0.9213  0.9760
Rt           0.8134  0.9706  0.1058  0.9985  0.9924  0.9213  1.0000  0.9839
At           0.9043  0.9980  0.2818  0.9922  0.9984  0.9760  0.9839  1.0000



COEFFICIENTS OF AUTOCORRELATION (HP filter, lambda = 1600)
Order         1       2       3       4       5
Ct       0.7904  0.5941  0.4151  0.2563  0.1189
Yt       0.7239  0.4881  0.2909  0.1299  0.0022
Kt       0.9608  0.8655  0.7333  0.5799  0.4179
Nt       0.7132  0.4710  0.2709  0.1096 -0.0166
It       0.7151  0.4740  0.2744  0.1132 -0.0133
Wt       0.7452  0.5221  0.3307  0.1705  0.0396
Rt       0.7134  0.4713  0.2712  0.1100 -0.0163
At       0.7184  0.4792  0.2805  0.1194 -0.0075
Total computing time : 0h00m01s
